0, 0:  0
1, 0:  7
2, 0:  22
3, 0:  5
FOUND DUPE!
0, 0:  0
3, 2:  0
MATCHED:  [0]
1, 0:  7
4, 3:  7
MATCHED:  [0, 7]
2, 0:  22
5, 1:  22
MATCHED:  [0, 7, 22]
3, 0:  5
2, 4:  5
MATCHED:  [0, 7, 22, 5]
4, 0:  14
3, 3:  14
MATCHED:  [0, 7, 22, 5, 14]
5, 0:  15
3, 7:  15
MATCHED:  [0, 7, 22, 5, 14, 15]
6, 0:  25
0, 3:  25
MATCHED:  [0, 7, 22, 5, 14, 15, 25]
0, 1:  9
6, 1:  9
MATCHED:  [0, 7, 22, 5, 14, 15, 25, 9]
1, 1:  10
5, 5:  10
MATCHED:  [0, 7, 22, 5, 14, 15, 25, 9, 10]
2, 1:  26
0, 2:  26
MATCHED:  [0, 7, 22, 5, 14, 15, 25, 9, 10, 26]
3, 1:  4
0, 5:  4
MATCHED:  [0, 7, 22, 5, 14, 15, 25, 9, 10, 26, 4]
4, 1:  12
6, 2:  12
MATCHED:  [0, 7, 22, 5, 14, 15, 25, 9, 10, 26, 4, 12]
1, 2:  11
1, 5:  11
MATCHED:  [0, 7, 22, 5, 14, 15, 25, 9, 10, 26, 4, 12, 11]
2, 2:  8
6, 4:  8
MATCHED:  [0, 7, 22, 5, 14, 15, 25, 9, 10, 26, 4, 12, 11, 8]
4, 2:  16
6, 3:  16
MATCHED:  [0, 7, 22, 5, 14, 15, 25, 9, 10, 26, 4, 12, 11, 8, 16]
5, 2:  17
6, 7:  17
MATCHED:  [0, 7, 22, 5, 14, 15, 25, 9, 10, 26, 4, 12, 11, 8, 16, 17]
1, 3:  23
5, 3:  23
MATCHED:  [0, 7, 22, 5, 14, 15, 25, 9, 10, 26, 4, 12, 11, 8, 16, 17, 23]
2, 3:  19
1, 6:  19
MATCHED:  [0, 7, 22, 5, 14, 15, 25, 9, 10, 26, 4, 12, 11, 8, 16, 17, 23, 19]
0, 4:  18
2, 6:  18
MATCHED:  [0, 7, 22, 5, 14, 15, 25, 9, 10, 26, 4, 12, 11, 8, 16, 17, 23, 19, 18]
1, 4:  3
4, 7:  3
MATCHED:  [0, 7, 22, 5, 14, 15, 25, 9, 10, 26, 4, 12, 11, 8, 16, 17, 23, 19, 18, 3]
3, 4:  20
1, 7:  20
MATCHED:  [0, 7, 22, 5, 14, 15, 25, 9, 10, 26, 4, 12, 11, 8, 16, 17, 23, 19, 18, 3, 20]
4, 4:  21
0, 7:  21
MATCHED:  [0, 7, 22, 5, 14, 15, 25, 9, 10, 26, 4, 12, 11, 8, 16, 17, 23, 19, 18, 3, 20, 21]
5, 4:  13
5, 6:  13
MATCHED:  [0, 7, 22, 5, 14, 15, 25, 9, 10, 26, 4, 12, 11, 8, 16, 17, 23, 19, 18, 3, 20, 21, 13]
2, 5:  2
4, 6:  2
MATCHED:  [0, 7, 22, 5, 14, 15, 25, 9, 10, 26, 4, 12, 11, 8, 16, 17, 23, 19, 18, 3, 20, 21, 13, 2]
3, 5:  1
3, 6:  1
MATCHED:  [0, 7, 22, 5, 14, 15, 25, 9, 10, 26, 4, 12, 11, 8, 16, 17, 23, 19, 18, 3, 20, 21, 13, 2, 1]
4, 5:  6
5, 7:  6
MATCHED:  [0, 7, 22, 5, 14, 15, 25, 9, 10, 26, 4, 12, 11, 8, 16, 17, 23, 19, 18, 3, 20, 21, 13, 2, 1, 6]
6, 5:  24
0, 6:  24
MATCHED:  [0, 7, 22, 5, 14, 15, 25, 9, 10, 26, 4, 12, 11, 8, 16, 17, 23, 19, 18, 3, 20, 21, 13, 2, 1, 6, 24]
6, 6:  27
2, 7:  27
You win! Flag: CTF{PastPerf0rmanceIsIndicativeOfFutureResults}
MATCHED:  [0, 7, 22, 5, 14, 15, 25, 9, 10, 26, 4, 12, 11, 8, 16, 17, 23, 19, 18, 3, 20, 21, 13, 2, 1, 6, 24, 27]